CMAX: 3486
1 564 48 414
2 458 87 1587
3 219 13 554
4 1002 21 450
5 1530 11 1410
6 221 61 992
7 849 29 423
8 1644 78 317
9 1108 83 1832
10 1125 72 688
11 969 11 7
12 545 4 556
13 749 8 1689
14 1257 94 1008
15 1354 43 1036
16 1403 4 1337
17 711 79 1022
18 645 70 301
19 217 74 1106
20 1695 11 1762
21 369 6 1187
22 1033 35 1679
23 700 57 105
24 1146 54 37
25 596 6 46
26 1673 97 441
27 1746 77 1513
28 866 13 814
29 495 48 1348
30 1685 62 1718
31 633 71 787
32 297 35 618
33 1174 20 225
34 441 47 836
35 1004 57 387
36 1447 33 397
37 415 81 1669
38 425 6 525
39 457 53 207
40 647 67 102
41 448 86 1137
42 1420 11 1872
43 502 6 1595
44 848 97 713
45 1038 22 524
46 849 37 0
47 1074 15 11
48 381 67 1573
49 885 29 158
50 533 39 566
